-9.9
-9.504
-9.108
-8.712
-8.316
-7.92
-7.524
-7.128
-6.732
-6.336
-5.94
-5.5440000000000005
-5.148
-4.752
-4.356
-3.96
-3.564
-3.168
-2.7720000000000002
-2.3760000000000003
-1.9800000000000004
-1.5839999999999996
-1.1880000000000006
-0.7919999999999998
-0.395999999999999
0.0
0.3960000000000008
0.7919999999999998
1.1880000000000006
1.5839999999999996
1.9800000000000004
2.3759999999999994
2.7720000000000002
3.168000000000001
3.564
3.960000000000001
4.356
4.752000000000001
5.148
5.5440000000000005
5.9399999999999995
6.336
6.732000000000001
7.128000000000002
7.523999999999999
7.92
8.316
8.712000000000002
9.108000000000002
9.504
9.9
