-4.9
-4.704000000000001
-4.508
-4.312
-4.1160000000000005
-3.9200000000000004
-3.724
-3.5280000000000005
-3.3320000000000003
-3.136
-2.9400000000000004
-2.744
-2.548
-2.3520000000000003
-2.156
-1.9600000000000004
-1.7640000000000002
-1.568
-1.3720000000000003
-1.1760000000000002
-0.9800000000000004
-0.7839999999999998
-0.5880000000000001
-0.39200000000000035
-0.19599999999999973
0.0
0.19599999999999973
0.39199999999999946
0.5880000000000001
0.7839999999999998
0.9799999999999995
1.1760000000000002
1.3719999999999999
1.5679999999999996
1.7640000000000002
1.96
2.1559999999999997
2.3520000000000003
2.548
2.7439999999999998
2.9399999999999995
3.1359999999999992
3.3320000000000007
3.5280000000000005
3.724
3.92
4.116
4.311999999999999
4.508000000000001
4.704000000000001
4.9
