0.1
0.21600000000000003
0.3320000000000001
0.44800000000000006
0.5640000000000001
0.68
0.7960000000000002
0.9120000000000001
1.0280000000000002
1.1440000000000003
1.2600000000000002
1.3760000000000003
1.4920000000000004
1.6080000000000003
1.7240000000000004
1.8400000000000003
1.9560000000000004
2.0720000000000005
2.1880000000000006
2.3040000000000003
2.4200000000000004
2.5360000000000005
2.6520000000000006
2.7680000000000007
2.884000000000001
3.0000000000000004
3.1160000000000005
3.2320000000000007
3.3480000000000008
3.464000000000001
3.5800000000000005
3.6960000000000006
3.8120000000000007
3.928000000000001
4.0440000000000005
4.16
4.276000000000001
4.392
4.508
4.6240000000000006
4.74
4.856000000000001
4.972
5.088
5.204000000000001
5.32
5.436000000000001
5.5520000000000005
5.668000000000001
5.784000000000001
5.9
