-2.9
-2.8020408163265307
-2.704081632653061
-2.6061224489795918
-2.5081632653061225
-2.410204081632653
-2.3122448979591836
-2.2142857142857144
-2.1163265306122447
-2.0183673469387755
-1.920408163265306
-1.8224489795918366
-1.7244897959183674
-1.626530612244898
-1.5285714285714285
-1.4306122448979592
-1.3326530612244898
-1.2346938775510203
-1.136734693877551
-1.0387755102040817
-0.9408163265306122
-0.842857142857143
-0.7448979591836733
-0.6469387755102041
-0.5489795918367348
-0.45102040816326516
-0.35306122448979593
-0.2551020408163267
-0.15714285714285703
-0.0591836734693878
0.03877551020408143
0.1367346938775511
0.23469387755102034
0.33265306122448957
0.43061224489795924
0.5285714285714285
0.6265306122448977
0.7244897959183674
0.8224489795918366
0.9204081632653058
1.0183673469387755
1.1163265306122452
1.214285714285714
1.3122448979591836
1.4102040816326533
1.508163265306122
1.6061224489795918
1.7040816326530615
1.8020408163265302
1.9
