-22.700000000000003
-21.512
-20.324
-19.136
-17.948
-16.759999999999998
-15.572
-14.384
-13.196000000000002
-12.008000000000003
-10.82
-9.632000000000001
-8.443999999999999
-7.256
-6.068
-4.879999999999999
-3.692
-2.5040000000000013
-1.3160000000000007
-0.128000000000001
1.0599999999999987
2.248000000000001
3.435999999999998
4.6240000000000006
5.812000000000003
7.0
8.188000000000002
9.376
10.564000000000002
11.751999999999999
12.940000000000001
14.127999999999998
15.316
16.504000000000005
17.692
18.880000000000003
20.067999999999998
21.256
22.444
23.632
24.82
26.008000000000003
27.196000000000005
28.384000000000007
29.571999999999996
30.759999999999998
31.948
33.136
34.324000000000005
35.512
36.7
