83.02100000000002
78.28399360000002
73.7083344
69.2940224
65.04105760000002
60.94944000000001
57.019169600000005
53.25024640000001
49.64267040000001
46.1964416
42.91156000000001
39.788025600000005
36.8258384
34.0249984
31.385505600000002
28.907360000000004
26.5905616
24.4351104
22.441006400000003
20.6082496
18.936840000000004
17.426777599999998
16.0780624
14.890694400000001
13.864673599999998
13.0
12.2966736
11.754694400000002
11.3740624
11.1547776
11.09684
11.2002496
11.4650064
11.891110399999999
12.4785616
13.22736
14.137505599999999
15.208998400000002
16.4418384
17.8360256
19.39156
21.108441599999992
22.98667040000001
25.026246400000005
27.227169600000003
29.589439999999996
32.1130576
34.798022399999994
37.64433440000002
40.65199360000001
43.821000000000005
