-15.399000000000001
-12.624482303999999
-10.101645631999999
-7.821124607999998
-5.7735538559999995
-3.9495679999999975
-2.3398016639999977
-0.9348894720000018
0.2745339520000023
1.2978339840000004
2.144376000000001
2.823525375999999
3.344647488000003
3.7171077120000042
3.950271423999993
4.053504
4.036170816000002
3.9076372480000003
3.677268672000004
3.3544304639999964
2.9484879999999976
2.468806655999984
1.9247518079999963
1.3256888319999902
0.6809831040000063
0.0
-0.7078951040000021
-1.4333368319999948
-2.1669598080000014
-2.8993986560000025
-3.621288000000007
-4.323262464000024
-4.995956671999991
-5.630005248000003
-6.216042815999998
-6.744703999999999
-7.206623424
-7.592435711999997
-7.892775487999998
-8.098277375999999
-8.199576000000036
-8.187305983999991
-8.05210195200003
-7.784598528000032
-7.375430336000022
-6.815232000000037
-6.094638143999987
-5.204283391999951
-4.134802367999924
-2.8768296959999873
-1.4209999999999923
