-1.8955329999999944
-2.5321322237933286
-2.8148942406211415
-2.8139561590429736
-2.592259063676659
-2.2058727495912995
-1.704320456700047
-1.1309036041530327
-0.5230265247301322
0.08747880076610381
0.6740280091176565
1.2149596202981294
1.6932103030799526
2.0959901406414962
2.4144578961742136
2.6433962784898126
2.78088720762738
2.8279870804605434
2.788402036304608
2.6681632225237095
2.4753020601379596
2.2195255094305955
1.9118913355551193
1.5644833741424582
1.1900867969080975
0.8018633772592332
0.41302675590192695
0.03651770644823882
-0.3153205989766173
-0.6310673241271236
-0.9005487030303206
-1.1151627743786539
-1.2682041159228254
-1.355188578864653
-1.3741780222499176
-1.3261050473612188
-1.2150977321108272
-1.048804365433536
-0.838718181679518
-0.6005020950071744
-0.3543134337759877
-0.12512867493937763
0.056931821562443696
0.15627907840963062
0.13153076650983642
-0.06481352939462881
-0.48669704511966416
-1.1948305714322098
-2.2570171884431085
-3.7484769999999994
