22.891999999999996
7.682
13.766000000000002
26.323999999999998
11.114
17.198
38.882
23.671999999999997
29.756
18.290000000000003
3.0799999999999996
9.164000000000001
21.721999999999998
6.512
12.596
34.279999999999994
19.069999999999997
25.154
16.73
1.5199999999999996
7.604000000000003
20.162
4.952
11.036000000000001
32.720000000000006
17.509999999999994
23.594
20.201
9.554
20.201
16.028
5.381
16.028
20.981
10.334
20.981
17.12
6.473
17.12
12.947
2.3
12.947
17.900000000000002
7.252999999999999
17.900000000000002
17.081
6.433999999999999
17.081
12.907999999999998
2.2609999999999997
12.907999999999998
17.861
7.213999999999999
17.861
23.593999999999994
17.509999999999998
32.72
11.816000000000003
5.731999999999999
20.942
9.164000000000001
3.08
18.290000000000003
22.033999999999995
15.949999999999996
31.159999999999993
10.256
4.172
19.382
7.604
1.52
16.73
23.516
17.432
32.641999999999996
11.738
5.654
20.863999999999997
9.086
3.002
18.212
