-22.69800951504495
-21.51022077436678
-20.322423975566192
-19.13461911864317
-17.94680620359773
-16.758985230429865
-15.571156199139576
-14.383319109726859
-13.19547396219172
-12.007620756534156
-10.819759492754164
-9.63189017085175
-8.444012790826909
-7.256127352679642
-6.068233856409955
-4.880332302017841
-3.692422689503302
-2.5045050188663365
-1.3165792901069484
-0.12864550322513768
1.0592963417791024
2.247246244905768
3.435204206154854
4.623170225526368
5.811144303020309
6.999126438636666
8.187116632375458
9.375114884236668
10.563121194220304
11.75113556232636
12.939157988554848
14.127188472905761
15.315227015379104
16.50327361597487
17.69132827469305
18.879390991533658
20.06746176649669
21.255540599582154
22.44362749079004
23.631722440120345
24.819825447573074
26.00793651314824
27.196055636845823
28.384182818665842
29.572318058608275
30.76046135667314
31.94861271286042
33.13677212717013
34.324939599602274
35.513115130156805
36.70129871883379
