83.00674087115718
78.27132276896084
73.69718971372322
69.2843417054444
65.03277874412437
60.94250082976306
57.01350796236054
53.245800141916824
49.63937736843184
46.19423964190564
42.91038696233822
39.78781932972956
36.82653674407966
34.026539205388566
31.38782671365621
28.910399268882642
26.594256871067834
24.4393995202118
22.445827216314566
20.61353995937607
18.94253774939636
17.43282058637542
16.084388470313236
14.897241401209838
13.871379379065209
13.006802403879352
12.30351047565228
11.761503594383946
11.380781760074397
11.16134497272362
11.103193232331646
11.206326538898425
11.470744892423943
11.896448292908229
12.483436740351351
13.231710234753178
14.14126877611381
15.21211236443321
16.444240999711415
17.837654681948322
19.392353411144033
21.10833718729855
22.9856060104118
25.02415988048379
27.223998797514614
29.585122761504177
32.10753177245251
34.79122583035958
37.63620493522552
40.64246908705013
43.81001828583361
