-13.668964480233916
-11.563276879430731
-9.593674613784298
-7.761421013206999
-6.067348323310382
-4.511857705405161
-3.0949192365012337
-1.8160719093076618
-0.6744236322326802
0.3313487706162957
1.202999559432691
1.9427140787107497
2.553108757245544
3.037231108132977
3.398559728769776
3.6410043008535133
3.7689055903825532
3.7870354476561228
3.700596807274263
3.515223688137831
3.2369811934485364
2.872365510708897
2.4283039117222707
1.912154752592828
1.3317074737255845
0.6951825998263711
0.01123173990186653
-0.7110624127404662
-1.4621860804923064
-2.23219440144447
-3.0107114293870136
-3.7869301338091352
-4.549612399899196
-5.287089028544746
-5.98725973633249
-6.63759315554832
-7.225126834177294
-7.736467235903668
-8.157789740110793
-8.474838641881277
-8.672927151996873
-8.736937396938485
-8.651320418886225
-8.400096175719334
-7.966853541016237
-7.334750304054611
-6.486513169811152
-5.40443775896188
-4.070388607881868
-2.4657991686454808
-0.571671809026137
