-3.6035643713918173
-2.920705556267395
-2.278436687198561
-1.679316582560054
-1.1255146341844333
-0.6187906558696779
-0.16047894356104275
0.24852345279282942
0.6077642457095241
0.9172392149681993
1.1773913007306849
1.3891054849882953
1.5536994613343935
1.67291009306268
1.7488756595912252
1.7841138912122327
1.7814957921675383
1.7442152520498424
1.6757544455296853
1.5798450204081456
1.4604250739952889
1.3215919178143383
1.1675506306315837
1.002558399812038
0.8308646510008069
0.6566469661302206
0.48394278975266586
0.3165769236992023
0.1580848100638483
0.01163160251368801
-0.1200729740753836
-0.23486397565709888
-0.3312148027275677
-0.40833497571226834
-0.4662721220273082
-0.5060181748149944
-0.5296197833535609
-0.5402929351412781
-0.5425417896547504
-0.5422817237815271
-0.5469665889269381
-0.5657201797951836
-0.6094719148447938
-0.6910967284182035
-0.8255591745457089
-1.0300617424235747
-1.3241973835666179
-1.7301062506346774
-2.2726366479338833
-2.9795101935916284
