0.431957057 2.394444277 40.42899107
4.904245971 0.35634195 23.41732842
2.827383052 12.67063998 431.8126918
8.685040909 8.519239289 302.2230029
9.842939828 14.29251288 657.8065017
8.444456861 11.59352327 460.4229312
7.733200082 5.277801384 159.0334273
0.079736785 1.536884565 27.17778461
7.528563793 14.04904947 596.3131316
6.527104279 7.356401192 224.8538149
6.744596788 3.777534369 103.9498159
1.735024544 4.47531122 89.21564161
2.896583573 0.186864612 16.80297395
0.832903143 12.35786379 385.1893827
6.292869181 7.027201871 209.1578086
3.91799212 2.524644395 56.66342338
0.305930429 13.05869931 414.8998748
6.965736972 7.62437699 240.9176013
9.203536992 12.5246157 529.4513805
9.357590294 5.053271333 166.6079138
3.276811947 14.60248075 554.1285301
2.585817198 5.123339977 112.0553221
0.57101887 12.06471027 366.3277079
4.377812303 1.094292314 32.66934243
1.970127389 12.56183349 412.7598086
1.59457163 1.123909181 25.25880305
7.220133978 5.211409929 152.0696039
7.19024319 1.529251246 52.22552949
3.156827869 5.51475126 127.7516015
0.093311039 10.42222872 281.5855595
0.087759655 3.989051959 68.98765748
0.982309408 5.638066844 115.3625727
2.039572165 10.46360153 307.4449305
6.558423882 12.49922524 482.1084069
1.246172884 7.964157615 193.6454025
0.776178339 1.784608496 32.17960275
3.453702296 7.570068707 200.6675062
1.603707303 7.21401449 170.0556534
1.347688463 0.638376249 19.05087112
