-10.0 -23.0
-9.8 -22.400000000000002
-9.6 -21.799999999999997
-9.4 -21.200000000000003
-9.2 -20.599999999999998
-9.0 -20.0
-8.8 -19.400000000000002
-8.6 -18.799999999999997
-8.4 -18.200000000000003
-8.2 -17.599999999999998
-8.0 -17.0
-7.8 -16.4
-7.6 -15.799999999999997
-7.4 -15.200000000000003
-7.199999999999999 -14.599999999999998
-7.0 -14.0
-6.8 -13.399999999999999
-6.6 -12.799999999999997
-6.4 -12.200000000000003
-6.199999999999999 -11.599999999999998
-6.0 -11.0
-5.8 -10.399999999999999
-5.6 -9.799999999999997
-5.3999999999999995 -9.2
-5.199999999999999 -8.599999999999998
-5.0 -8.0
-4.8 -7.399999999999999
-4.6 -6.799999999999999
-4.3999999999999995 -6.199999999999999
-4.199999999999999 -5.599999999999998
-4.0 -5.0
-3.8 -4.399999999999999
-3.5999999999999996 -3.799999999999999
-3.3999999999999995 -3.1999999999999993
-3.1999999999999993 -2.599999999999998
-3.0 -2.0
-2.8 -1.3999999999999986
-2.5999999999999996 -0.7999999999999989
-2.3999999999999995 -0.1999999999999984
-2.1999999999999993 0.40000000000000213
-2.0 1.0
-1.799999999999999 1.6000000000000032
-1.5999999999999996 2.200000000000001
-1.4000000000000004 2.799999999999999
-1.1999999999999993 3.400000000000002
-1.0 4.0
-0.7999999999999989 4.600000000000003
-0.5999999999999996 5.200000000000001
-0.3999999999999986 5.800000000000004
-0.1999999999999993 6.400000000000002
0.0 7.0
0.20000000000000107 7.600000000000003
0.40000000000000036 8.200000000000001
0.6000000000000014 8.800000000000004
0.8000000000000007 9.400000000000002
1.0 10.0
1.200000000000001 10.600000000000003
1.4000000000000004 11.200000000000001
1.6000000000000014 11.800000000000004
1.8000000000000007 12.400000000000002
2.0 13.0
2.200000000000001 13.600000000000003
2.4000000000000004 14.200000000000001
2.6000000000000014 14.800000000000004
2.8000000000000007 15.400000000000002
3.0 16.0
3.200000000000001 16.6
3.4000000000000004 17.200000000000003
3.6000000000000014 17.800000000000004
3.8000000000000007 18.400000000000002
4.0 19.0
4.200000000000001 19.6
4.4 20.200000000000003
4.600000000000001 20.800000000000004
4.800000000000001 21.400000000000002
5.0 22.0
5.200000000000001 22.6
5.4 23.200000000000003
5.600000000000001 23.800000000000004
5.800000000000001 24.400000000000002
6.0 25.0
6.199999999999999 25.599999999999998
6.400000000000002 26.200000000000006
6.600000000000001 26.800000000000004
6.800000000000001 27.400000000000002
7.0 28.0
7.199999999999999 28.599999999999998
7.400000000000002 29.200000000000006
7.600000000000001 29.800000000000004
7.800000000000001 30.400000000000002
8.0 31.0
8.2 31.599999999999998
8.400000000000002 32.2
8.600000000000001 32.800000000000004
8.8 33.400000000000006
9.0 34.0
9.200000000000003 34.60000000000001
9.400000000000002 35.2
9.600000000000001 35.800000000000004
9.8 36.400000000000006
10.0 37.0
