-5.0 85.5
-4.9 83.02100000000002
-4.8 80.584
-4.7 78.18900000000001
-4.6 75.836
-4.5 73.525
-4.4 71.25600000000001
-4.3 69.029
-4.2 66.84400000000001
-4.1 64.701
-4.0 62.6
-3.9 60.541
-3.8 58.524
-3.7 56.54900000000001
-3.5999999999999996 54.616
-3.5 52.725
-3.4 50.876
-3.3 49.068999999999996
-3.2 47.304
-3.0999999999999996 45.580999999999996
-3.0 43.900000000000006
-2.9 42.260999999999996
-2.8 40.664
-2.6999999999999997 39.108999999999995
-2.5999999999999996 37.596
-2.5 36.125
-2.4 34.696
-2.3 33.309
-2.1999999999999997 31.964
-2.0999999999999996 30.660999999999994
-2.0 29.4
-1.9 28.180999999999997
-1.7999999999999998 27.003999999999998
-1.6999999999999997 25.868999999999996
-1.5999999999999996 24.775999999999996
-1.5 23.725
-1.4 22.716
-1.2999999999999998 21.749
-1.1999999999999997 20.823999999999998
-1.0999999999999996 19.940999999999995
-1.0 19.1
-0.8999999999999995 18.300999999999995
-0.7999999999999998 17.543999999999997
-0.7000000000000002 16.829
-0.5999999999999996 16.156
-0.5 15.525
-0.39999999999999947 14.935999999999996
-0.2999999999999998 14.389
-0.1999999999999993 13.883999999999997
-0.09999999999999964 13.420999999999998
0.0 13.0
0.10000000000000053 12.620999999999999
0.20000000000000018 12.283999999999999
0.3000000000000007 11.988999999999997
0.40000000000000036 11.735999999999999
0.5 11.525
0.6000000000000005 11.356
0.7000000000000002 11.229
0.8000000000000007 11.144
0.9000000000000004 11.100999999999999
1.0 11.1
1.1000000000000005 11.141
1.2000000000000002 11.224
1.3000000000000007 11.349000000000002
1.4000000000000004 11.516000000000002
1.5 11.725000000000001
1.6000000000000005 11.976000000000003
1.7000000000000002 12.269000000000002
1.8000000000000007 12.604000000000003
1.9000000000000004 12.981000000000002
2.0 13.4
2.1000000000000005 13.861000000000002
2.2 14.364000000000003
2.3000000000000007 14.909000000000004
2.4000000000000004 15.496000000000002
2.5 16.125
2.6000000000000005 16.796000000000006
2.7 17.509
2.8000000000000007 18.264000000000006
2.9000000000000004 19.061000000000003
3.0 19.900000000000002
3.0999999999999996 20.781
3.200000000000001 21.70400000000001
3.3000000000000007 22.669000000000008
3.4000000000000004 23.676000000000005
3.5 24.725
3.5999999999999996 25.816
3.700000000000001 26.949000000000012
3.8000000000000007 28.12400000000001
3.9000000000000004 29.341000000000008
4.0 30.6
4.1 31.900999999999996
4.200000000000001 33.244000000000014
4.300000000000001 34.62900000000001
4.4 36.05600000000001
4.5 37.525000000000006
4.600000000000001 39.03600000000002
4.700000000000001 40.58900000000002
4.800000000000001 42.18400000000001
4.9 43.821000000000005
5.0 45.5
