0.0 -18.0
0.06 -16.415784
0.12 -14.902272
0.18 -13.458168
0.24 -12.082176
0.3 -10.773
0.36 -9.529344000000002
0.42 -8.349912
0.48 -7.233408000000001
0.54 -6.178535999999998
0.6 -5.184000000000001
0.6599999999999999 -4.248504000000002
0.72 -3.3707520000000013
0.78 -2.549447999999998
0.84 -1.783296
0.8999999999999999 -1.0710000000000015
0.96 -0.41126400000000274
1.02 0.19720799999999983
1.08 0.7557120000000026
1.14 1.2655439999999984
1.2 1.7280000000000015
1.26 2.1443760000000047
1.3199999999999998 2.5159679999999973
1.38 2.8440720000000006
1.44 3.1299839999999968
1.5 3.375
1.56 3.580416000000003
1.6199999999999999 3.7475279999999955
1.68 3.8776319999999984
1.74 3.972024000000001
1.7999999999999998 4.031999999999993
1.8599999999999999 4.058856000000002
1.92 4.053888000000001
1.98 4.018391999999999
2.04 3.9536639999999963
2.1 3.861000000000004
2.16 3.7416960000000046
2.2199999999999998 3.597048000000001
2.28 3.428352000000004
2.34 3.2369039999999956
2.4 3.024000000000001
2.46 2.790935999999995
2.52 2.5390080000000097
2.58 2.2695119999999918
2.6399999999999997 1.9837439999999944
2.6999999999999997 1.683000000000007
2.76 1.3685760000000045
2.82 1.0417680000000047
2.88 0.703872000000004
2.94 0.35618399999999895
3.0 0.0
3.06 -0.3633839999999964
3.12 -0.7326719999999938
3.1799999999999997 -1.10656800000001
3.2399999999999998 -1.483776000000006
3.3 -1.8629999999999995
3.36 -2.2429440000000085
3.42 -2.622312000000022
3.48 -2.9998079999999874
3.54 -3.374136000000007
3.5999999999999996 -3.744000000000028
3.6599999999999997 -4.108103999999969
3.7199999999999998 -4.465151999999989
3.78 -4.813847999999993
3.84 -5.152895999999998
3.9 -5.481000000000009
3.96 -5.796864000000014
4.02 -6.099191999999988
4.08 -6.386688000000007
4.14 -6.658056000000016
4.2 -6.911999999999992
4.26 -7.147223999999994
4.32 -7.362431999999998
4.38 -7.556328000000008
4.4399999999999995 -7.727615999999983
4.5 -7.875
4.56 -7.997183999999976
4.62 -8.092872
4.68 -8.160768000000004
4.74 -8.199576000000036
4.8 -8.207999999999984
4.859999999999999 -8.18474400000001
4.92 -8.128512000000029
4.9799999999999995 -8.03800800000002
5.04 -7.911935999999969
5.1 -7.748999999999995
5.16 -7.547904000000017
5.22 -7.307352000000009
5.279999999999999 -7.026048000000031
5.34 -6.702696000000003
5.3999999999999995 -6.335999999999984
5.46 -5.924664000000007
5.52 -5.46739199999999
5.58 -4.962887999999964
5.64 -4.409855999999991
5.7 -3.8070000000000164
5.76 -3.153023999999988
5.819999999999999 -2.4466320000000223
5.88 -1.6865280000000098
5.9399999999999995 -0.8714159999999538
6.0 0.0
