	-3.0 -0.8000000000000143
-2.9494949494949494 -1.4149720210653103
-2.898989898989899 -1.9041589484668366
-2.8484848484848486 -2.27899894604355
-2.797979797979798 -2.550376070890584
-2.7474747474747474 -2.7286321031359524
-2.696969696969697 -2.823578375717352
-2.6464646464646466 -2.8445076041588964
-2.595959595959596 -2.8002057163479472
-2.5454545454545454 -2.6989636823118213
-2.494949494949495 -2.548589343994565
-2.4444444444444446 -2.3564192450337806
-2.393939393939394 -2.1293304605373438
-2.3434343434343434 -1.8737524268601657
-2.292929292929293 -1.595678771381013
-2.242424242424242 -1.300679142279214
-2.191919191919192 -0.9939110383114829
-2.1414141414141414 -0.6801316385886589
-2.090909090909091 -0.3637096323524853
-2.0404040404040407 -0.0486370487523653
-1.9898989898989898 0.26145891337784977
-1.9393939393939394 0.5633040557430975
-1.8888888888888888 0.8539653508103464
-1.8383838383838385 1.1308391120318075
-1.7878787878787878 1.391639164068186
-1.7373737373737375 1.6343850130118998
-1.6868686868686869 1.8573900166103108
-1.6363636363636365 2.05924955448895
-1.5858585858585859 2.238829198374771
-1.5353535353535355 2.3952528823193537
-1.4848484848484849 2.5278910729221495
-1.4343434343434345 2.6363489395537165
-1.3838383838383839 2.7204545245789333
-1.3333333333333333 2.780246913580247
-1.2828282828282829 2.815964405580896
-1.2323232323232323 2.828032683268141
-1.1818181818181819 2.817052983216497
-1.1313131313131313 2.783790266110965
-1.0808080808080809 2.729161386970259
-1.0303030303030303 2.654223265370045
-0.9797979797979797 2.5601610556661623
-0.9292929292929295 2.44827631721786
-0.8787878787878789 2.3199751846110246
-0.8282828282828283 2.176756537881417
-0.7777777777777777 2.020200172737896
-0.7272727272727275 1.8519549707856526
-0.6767676767676769 1.6737270697494402
-0.6262626262626263 1.4872680336968058
-0.5757575757575757 1.2943630232613221
-0.5252525252525251 1.0968189658658165
-0.4747474747474749 0.8964527259456039
-0.4242424242424243 0.6950792751717101
-0.3737373737373737 0.49449986267411505
-0.3232323232323231 0.29649018526497595
-0.27272727272727293 0.10278855766185946
-0.22222222222222232 -0.0849159172890308
-0.1717171717171717 -0.2649951783896156
-0.1212121212121211 -0.4358940358667157
-0.07070707070707094 -0.596142001148817
-0.020202020202020332 -0.7443651166428462
0.030303030303030276 -0.8792977855109312
0.08080808080808088 -0.9997946014471757
0.13131313131313105 -1.1048421784544262
0.18181818181818166 -1.1935709806210453
0.23232323232323226 -1.2652671518976741
0.2828282828282829 -1.3193843458740062
0.3333333333333335 -1.3555555555555556
0.38383838383838365 -1.3736049431404256
0.43434343434343425 -1.3735596697960784
0.48484848484848486 -1.3556617254361034
0.5353535353535355 -1.3203797584969874
0.5858585858585856 -1.2684209057148836
0.6363636363636362 -1.2007426219023791
0.6868686868686869 -1.1185645097252663
0.7373737373737375 -1.0233801494793116
0.7878787878787876 -0.9169689288670237
0.8383838383838382 -0.801407872774422
0.8888888888888888 -0.6790834730478077
0.9393939393939394 -0.5527035182705331
0.9898989898989896 -0.42530892353976957
1.0404040404040407 -0.30028556024327346
1.0909090909090908 -0.1813760858361635
1.141414141414141 -0.07269177361768375
1.191919191919192 0.021275657492028754
1.2424242424242422 0.09564221317516819
1.2929292929292933 0.14511979393949725
1.3434343434343434 0.1640043653415726
1.3939393939393936 0.1461641282099817
1.4444444444444446 0.08502768886856793
1.4949494949494948 -0.026427770640337522
1.545454545454545 -0.1956883223326742
1.595959595959596 -0.43071512205945006
1.6464646464646462 -0.7399562392834647
1.6969696969696972 -1.1323584868561325
1.7474747474747474 -1.6173792507941986
1.7979797979797976 -2.204998320056551
1.8484848484848486 -2.9057297163209803
1.8989898989898988 -3.730633523760903
1.9494949494949498 -4.691327718822231
2.0 -5.799999999999998
