-4.0 -4.0 -4.0 -4.023.900000000000002
-4.0 -4.0 -4.0 -2.013.099999999999998
-4.0 -4.0 -4.0 0.07.8999999999999995
-4.0 -4.0 -4.0 2.08.3
-4.0 -4.0 -4.0 4.014.3
-4.0 -4.0 -2.0 -4.024.500000000000004
-4.0 -4.0 -2.0 -2.013.7
-4.0 -4.0 -2.0 0.08.5
-4.0 -4.0 -2.0 2.08.9
-4.0 -4.0 -2.0 4.014.899999999999999
-4.0 -4.0 0.0 -4.027.5
-4.0 -4.0 0.0 -2.016.7
-4.0 -4.0 0.0 0.011.5
-4.0 -4.0 0.0 2.011.899999999999999
-4.0 -4.0 0.0 4.017.9
-4.0 -4.0 2.0 -4.032.9
-4.0 -4.0 2.0 -2.022.1
-4.0 -4.0 2.0 0.016.9
-4.0 -4.0 2.0 2.017.299999999999997
-4.0 -4.0 2.0 4.023.3
-4.0 -4.0 4.0 -4.040.7
-4.0 -4.0 4.0 -2.029.900000000000002
-4.0 -4.0 4.0 0.024.7
-4.0 -4.0 4.0 2.025.1
-4.0 -4.0 4.0 4.031.099999999999998
-4.0 -2.0 -4.0 -4.021.1
-4.0 -2.0 -4.0 -2.010.3
-4.0 -2.0 -4.0 0.05.1
-4.0 -2.0 -4.0 2.05.5
-4.0 -2.0 -4.0 4.011.5
-4.0 -2.0 -2.0 -4.021.700000000000003
-4.0 -2.0 -2.0 -2.010.900000000000002
-4.0 -2.0 -2.0 0.05.699999999999999
-4.0 -2.0 -2.0 2.06.1
-4.0 -2.0 -2.0 4.012.100000000000001
-4.0 -2.0 0.0 -4.024.7
-4.0 -2.0 0.0 -2.013.900000000000002
-4.0 -2.0 0.0 0.08.7
-4.0 -2.0 0.0 2.09.1
-4.0 -2.0 0.0 4.015.099999999999998
-4.0 -2.0 2.0 -4.030.1
-4.0 -2.0 2.0 -2.019.3
-4.0 -2.0 2.0 0.014.099999999999998
-4.0 -2.0 2.0 2.014.5
-4.0 -2.0 2.0 4.020.5
-4.0 -2.0 4.0 -4.037.9
-4.0 -2.0 4.0 -2.027.1
-4.0 -2.0 4.0 0.021.9
-4.0 -2.0 4.0 2.022.3
-4.0 -2.0 4.0 4.028.3
-4.0 0.0 -4.0 -4.019.1
-4.0 0.0 -4.0 -2.08.299999999999999
-4.0 0.0 -4.0 0.03.0999999999999996
-4.0 0.0 -4.0 2.03.5
-4.0 0.0 -4.0 4.09.5
-4.0 0.0 -2.0 -4.019.7
-4.0 0.0 -2.0 -2.08.899999999999999
-4.0 0.0 -2.0 0.03.7
-4.0 0.0 -2.0 2.04.1
-4.0 0.0 -2.0 4.010.1
-4.0 0.0 0.0 -4.022.7
-4.0 0.0 0.0 -2.011.899999999999999
-4.0 0.0 0.0 0.06.7
-4.0 0.0 0.0 2.07.1
-4.0 0.0 0.0 4.013.099999999999998
-4.0 0.0 2.0 -4.028.099999999999998
-4.0 0.0 2.0 -2.017.299999999999997
-4.0 0.0 2.0 0.012.099999999999998
-4.0 0.0 2.0 2.012.5
-4.0 0.0 2.0 4.018.5
-4.0 0.0 4.0 -4.035.9
-4.0 0.0 4.0 -2.025.099999999999998
-4.0 0.0 4.0 0.019.9
-4.0 0.0 4.0 2.020.299999999999997
-4.0 0.0 4.0 4.026.299999999999997
-4.0 2.0 -4.0 -4.017.9
-4.0 2.0 -4.0 -2.07.1
-4.0 2.0 -4.0 0.01.9000000000000004
-4.0 2.0 -4.0 2.02.3
-4.0 2.0 -4.0 4.08.3
-4.0 2.0 -2.0 -4.018.5
-4.0 2.0 -2.0 -2.07.7
-4.0 2.0 -2.0 0.02.5
-4.0 2.0 -2.0 2.02.9000000000000004
-4.0 2.0 -2.0 4.08.9
-4.0 2.0 0.0 -4.021.5
-4.0 2.0 0.0 -2.010.7
-4.0 2.0 0.0 0.05.5
-4.0 2.0 0.0 2.05.9
-4.0 2.0 0.0 4.011.899999999999999
-4.0 2.0 2.0 -4.026.9
-4.0 2.0 2.0 -2.016.099999999999998
-4.0 2.0 2.0 0.010.899999999999999
-4.0 2.0 2.0 2.011.299999999999997
-4.0 2.0 2.0 4.017.299999999999997
-4.0 2.0 4.0 -4.034.699999999999996
-4.0 2.0 4.0 -2.023.9
-4.0 2.0 4.0 0.018.7
-4.0 2.0 4.0 2.019.099999999999998
-4.0 2.0 4.0 4.025.099999999999998
-4.0 4.0 -4.0 -4.017.5
-4.0 4.0 -4.0 -2.06.699999999999998
-4.0 4.0 -4.0 0.01.4999999999999987
-4.0 4.0 -4.0 2.01.8999999999999981
-4.0 4.0 -4.0 4.07.8999999999999995
-4.0 4.0 -2.0 -4.018.099999999999998
-4.0 4.0 -2.0 -2.07.299999999999999
-4.0 4.0 -2.0 0.02.0999999999999996
-4.0 4.0 -2.0 2.02.4999999999999996
-4.0 4.0 -2.0 4.08.5
-4.0 4.0 0.0 -4.021.099999999999998
-4.0 4.0 0.0 -2.010.299999999999997
-4.0 4.0 0.0 0.05.1
-4.0 4.0 0.0 2.05.5
-4.0 4.0 0.0 4.011.5
-4.0 4.0 2.0 -4.026.499999999999996
-4.0 4.0 2.0 -2.015.699999999999996
-4.0 4.0 2.0 0.010.499999999999996
-4.0 4.0 2.0 2.010.899999999999999
-4.0 4.0 2.0 4.016.9
-4.0 4.0 4.0 -4.034.29999999999999
-4.0 4.0 4.0 -2.023.499999999999996
-4.0 4.0 4.0 0.018.3
-4.0 4.0 4.0 2.018.7
-4.0 4.0 4.0 4.024.699999999999996
-2.0 -4.0 -4.0 -4.021.700000000000006
-2.0 -4.0 -4.0 -2.012.099999999999998
-2.0 -4.0 -4.0 0.08.099999999999998
-2.0 -4.0 -4.0 2.09.7
-2.0 -4.0 -4.0 4.016.9
-2.0 -4.0 -2.0 -4.020.300000000000004
-2.0 -4.0 -2.0 -2.010.7
-2.0 -4.0 -2.0 0.06.7
-2.0 -4.0 -2.0 2.08.299999999999999
-2.0 -4.0 -2.0 4.015.5
-2.0 -4.0 0.0 -4.021.3
-2.0 -4.0 0.0 -2.011.7
-2.0 -4.0 0.0 0.07.7
-2.0 -4.0 0.0 2.09.3
-2.0 -4.0 0.0 4.016.5
-2.0 -4.0 2.0 -4.024.700000000000003
-2.0 -4.0 2.0 -2.015.099999999999998
-2.0 -4.0 2.0 0.011.099999999999998
-2.0 -4.0 2.0 2.012.7
-2.0 -4.0 2.0 4.019.9
-2.0 -4.0 4.0 -4.030.5
-2.0 -4.0 4.0 -2.020.900000000000002
-2.0 -4.0 4.0 0.016.9
-2.0 -4.0 4.0 2.018.5
-2.0 -4.0 4.0 4.025.7
-2.0 -2.0 -4.0 -4.019.300000000000004
-2.0 -2.0 -4.0 -2.09.7
-2.0 -2.0 -4.0 0.05.699999999999999
-2.0 -2.0 -4.0 2.07.299999999999999
-2.0 -2.0 -4.0 4.014.5
-2.0 -2.0 -2.0 -4.017.9
-2.0 -2.0 -2.0 -2.08.299999999999999
-2.0 -2.0 -2.0 0.04.3
-2.0 -2.0 -2.0 2.05.9
-2.0 -2.0 -2.0 4.013.100000000000001
-2.0 -2.0 0.0 -4.018.9
-2.0 -2.0 0.0 -2.09.299999999999999
-2.0 -2.0 0.0 0.05.3
-2.0 -2.0 0.0 2.06.9
-2.0 -2.0 0.0 4.014.100000000000001
-2.0 -2.0 2.0 -4.022.3
-2.0 -2.0 2.0 -2.012.7
-2.0 -2.0 2.0 0.08.7
-2.0 -2.0 2.0 2.010.299999999999999
-2.0 -2.0 2.0 4.017.5
-2.0 -2.0 4.0 -4.028.1
-2.0 -2.0 4.0 -2.018.500000000000004
-2.0 -2.0 4.0 0.014.5
-2.0 -2.0 4.0 2.016.1
-2.0 -2.0 4.0 4.023.3
-2.0 0.0 -4.0 -4.017.7
-2.0 0.0 -4.0 -2.08.099999999999998
-2.0 0.0 -4.0 0.04.1
-2.0 0.0 -4.0 2.05.699999999999999
-2.0 0.0 -4.0 4.012.899999999999999
-2.0 0.0 -2.0 -4.016.3
-2.0 0.0 -2.0 -2.06.699999999999999
-2.0 0.0 -2.0 0.02.6999999999999997
-2.0 0.0 -2.0 2.04.3
-2.0 0.0 -2.0 4.011.5
-2.0 0.0 0.0 -4.017.299999999999997
-2.0 0.0 0.0 -2.07.699999999999999
-2.0 0.0 0.0 0.03.6999999999999997
-2.0 0.0 0.0 2.05.3
-2.0 0.0 0.0 4.012.5
-2.0 0.0 2.0 -4.020.7
-2.0 0.0 2.0 -2.011.099999999999998
-2.0 0.0 2.0 0.07.1
-2.0 0.0 2.0 2.08.7
-2.0 0.0 2.0 4.015.899999999999999
-2.0 0.0 4.0 -4.026.5
-2.0 0.0 4.0 -2.016.900000000000002
-2.0 0.0 4.0 0.012.899999999999999
-2.0 0.0 4.0 2.014.5
-2.0 0.0 4.0 4.021.7
-2.0 2.0 -4.0 -4.016.9
-2.0 2.0 -4.0 -2.07.299999999999999
-2.0 2.0 -4.0 0.03.2999999999999994
-2.0 2.0 -4.0 2.04.9
-2.0 2.0 -4.0 4.012.099999999999998
-2.0 2.0 -2.0 -4.015.499999999999996
-2.0 2.0 -2.0 -2.05.8999999999999995
-2.0 2.0 -2.0 0.01.8999999999999995
-2.0 2.0 -2.0 2.03.4999999999999996
-2.0 2.0 -2.0 4.010.7
-2.0 2.0 0.0 -4.016.499999999999996
-2.0 2.0 0.0 -2.06.8999999999999995
-2.0 2.0 0.0 0.02.8999999999999995
-2.0 2.0 0.0 2.04.5
-2.0 2.0 0.0 4.011.7
-2.0 2.0 2.0 -4.019.900000000000002
-2.0 2.0 2.0 -2.010.3
-2.0 2.0 2.0 0.06.3
-2.0 2.0 2.0 2.07.8999999999999995
-2.0 2.0 2.0 4.015.099999999999998
-2.0 2.0 4.0 -4.025.7
-2.0 2.0 4.0 -2.016.1
-2.0 2.0 4.0 0.012.100000000000001
-2.0 2.0 4.0 2.013.7
-2.0 2.0 4.0 4.020.9
-2.0 4.0 -4.0 -4.016.900000000000002
-2.0 4.0 -4.0 -2.07.3
-2.0 4.0 -4.0 0.03.3
-2.0 4.0 -4.0 2.04.8999999999999995
-2.0 4.0 -4.0 4.012.099999999999998
-2.0 4.0 -2.0 -4.015.5
-2.0 4.0 -2.0 -2.05.899999999999999
-2.0 4.0 -2.0 0.01.8999999999999997
-2.0 4.0 -2.0 2.03.499999999999999
-2.0 4.0 -2.0 4.010.7
-2.0 4.0 0.0 -4.016.5
-2.0 4.0 0.0 -2.06.8999999999999995
-2.0 4.0 0.0 0.02.9
-2.0 4.0 0.0 2.04.5
-2.0 4.0 0.0 4.011.7
-2.0 4.0 2.0 -4.019.9
-2.0 4.0 2.0 -2.010.3
-2.0 4.0 2.0 0.06.299999999999999
-2.0 4.0 2.0 2.07.9
-2.0 4.0 2.0 4.015.099999999999998
-2.0 4.0 4.0 -4.025.7
-2.0 4.0 4.0 -2.016.1
-2.0 4.0 4.0 0.012.099999999999998
-2.0 4.0 4.0 2.013.7
-2.0 4.0 4.0 4.020.9
0.0 -4.0 -4.0 -4.021.100000000000005
0.0 -4.0 -4.0 -2.012.7
0.0 -4.0 -4.0 0.09.899999999999999
0.0 -4.0 -4.0 2.012.7
0.0 -4.0 -4.0 4.021.100000000000005
0.0 -4.0 -2.0 -4.017.7
0.0 -4.0 -2.0 -2.09.299999999999999
0.0 -4.0 -2.0 0.06.5
0.0 -4.0 -2.0 2.09.299999999999999
0.0 -4.0 -2.0 4.017.7
0.0 -4.0 0.0 -4.016.7
0.0 -4.0 0.0 -2.08.3
0.0 -4.0 0.0 0.05.5
0.0 -4.0 0.0 2.08.3
0.0 -4.0 0.0 4.016.7
0.0 -4.0 2.0 -4.018.099999999999998
0.0 -4.0 2.0 -2.09.7
0.0 -4.0 2.0 0.06.9
0.0 -4.0 2.0 2.09.7
0.0 -4.0 2.0 4.018.099999999999998
0.0 -4.0 4.0 -4.021.900000000000002
0.0 -4.0 4.0 -2.013.5
0.0 -4.0 4.0 0.010.7
0.0 -4.0 4.0 2.013.5
0.0 -4.0 4.0 4.021.900000000000002
0.0 -2.0 -4.0 -4.019.1
0.0 -2.0 -4.0 -2.010.7
0.0 -2.0 -4.0 0.07.8999999999999995
0.0 -2.0 -4.0 2.010.7
0.0 -2.0 -4.0 4.019.1
0.0 -2.0 -2.0 -4.015.7
0.0 -2.0 -2.0 -2.07.3
0.0 -2.0 -2.0 0.04.5
0.0 -2.0 -2.0 2.07.3
0.0 -2.0 -2.0 4.015.7
0.0 -2.0 0.0 -4.014.7
0.0 -2.0 0.0 -2.06.3
0.0 -2.0 0.0 0.03.5
0.0 -2.0 0.0 2.06.3
0.0 -2.0 0.0 4.014.7
0.0 -2.0 2.0 -4.016.099999999999998
0.0 -2.0 2.0 -2.07.7
0.0 -2.0 2.0 0.04.9
0.0 -2.0 2.0 2.07.7
0.0 -2.0 2.0 4.016.099999999999998
0.0 -2.0 4.0 -4.019.9
0.0 -2.0 4.0 -2.011.5
0.0 -2.0 4.0 0.08.7
0.0 -2.0 4.0 2.011.5
0.0 -2.0 4.0 4.019.9
0.0 0.0 -4.0 -4.017.9
0.0 0.0 -4.0 -2.09.5
0.0 0.0 -4.0 0.06.699999999999999
0.0 0.0 -4.0 2.09.5
0.0 0.0 -4.0 4.017.9
0.0 0.0 -2.0 -4.014.5
0.0 0.0 -2.0 -2.06.1
0.0 0.0 -2.0 0.03.3
0.0 0.0 -2.0 2.06.1
0.0 0.0 -2.0 4.014.5
0.0 0.0 0.0 -4.013.5
0.0 0.0 0.0 -2.05.1
0.0 0.0 0.0 0.02.3
0.0 0.0 0.0 2.05.1
0.0 0.0 0.0 4.013.5
0.0 0.0 2.0 -4.014.899999999999999
0.0 0.0 2.0 -2.06.5
0.0 0.0 2.0 0.03.6999999999999997
0.0 0.0 2.0 2.06.5
0.0 0.0 2.0 4.014.899999999999999
0.0 0.0 4.0 -4.018.7
0.0 0.0 4.0 -2.010.3
0.0 0.0 4.0 0.07.5
0.0 0.0 4.0 2.010.3
0.0 0.0 4.0 4.018.7
0.0 2.0 -4.0 -4.017.499999999999996
0.0 2.0 -4.0 -2.09.1
0.0 2.0 -4.0 0.06.3
0.0 2.0 -4.0 2.09.1
0.0 2.0 -4.0 4.017.499999999999996
0.0 2.0 -2.0 -4.014.099999999999998
0.0 2.0 -2.0 -2.05.7
0.0 2.0 -2.0 0.02.9
0.0 2.0 -2.0 2.05.7
0.0 2.0 -2.0 4.014.099999999999998
0.0 2.0 0.0 -4.013.099999999999998
0.0 2.0 0.0 -2.04.699999999999999
0.0 2.0 0.0 0.01.9
0.0 2.0 0.0 2.04.699999999999999
0.0 2.0 0.0 4.013.099999999999998
0.0 2.0 2.0 -4.014.499999999999996
0.0 2.0 2.0 -2.06.1000000000000005
0.0 2.0 2.0 0.03.3
0.0 2.0 2.0 2.06.1000000000000005
0.0 2.0 2.0 4.014.499999999999996
0.0 2.0 4.0 -4.018.299999999999997
0.0 2.0 4.0 -2.09.9
0.0 2.0 4.0 0.07.1000000000000005
0.0 2.0 4.0 2.09.9
0.0 2.0 4.0 4.018.299999999999997
0.0 4.0 -4.0 -4.017.9
0.0 4.0 -4.0 -2.09.5
0.0 4.0 -4.0 0.06.7
0.0 4.0 -4.0 2.09.5
0.0 4.0 -4.0 4.017.9
0.0 4.0 -2.0 -4.014.5
0.0 4.0 -2.0 -2.06.1
0.0 4.0 -2.0 0.03.3
0.0 4.0 -2.0 2.06.1
0.0 4.0 -2.0 4.014.5
0.0 4.0 0.0 -4.013.5
0.0 4.0 0.0 -2.05.1
0.0 4.0 0.0 0.02.3
0.0 4.0 0.0 2.05.1
0.0 4.0 0.0 4.013.5
0.0 4.0 2.0 -4.014.899999999999999
0.0 4.0 2.0 -2.06.499999999999999
0.0 4.0 2.0 0.03.6999999999999993
0.0 4.0 2.0 2.06.499999999999999
0.0 4.0 2.0 4.014.899999999999999
0.0 4.0 4.0 -4.018.7
0.0 4.0 4.0 -2.010.3
0.0 4.0 4.0 0.07.500000000000001
0.0 4.0 4.0 2.010.3
0.0 4.0 4.0 4.018.7
2.0 -4.0 -4.0 -4.022.1
2.0 -4.0 -4.0 -2.014.899999999999999
2.0 -4.0 -4.0 0.013.299999999999997
2.0 -4.0 -4.0 2.017.3
2.0 -4.0 -4.0 4.026.900000000000002
2.0 -4.0 -2.0 -4.016.7
2.0 -4.0 -2.0 -2.09.5
2.0 -4.0 -2.0 0.07.9
2.0 -4.0 -2.0 2.011.900000000000002
2.0 -4.0 -2.0 4.021.5
2.0 -4.0 0.0 -4.013.7
2.0 -4.0 0.0 -2.06.5
2.0 -4.0 0.0 0.04.9
2.0 -4.0 0.0 2.08.899999999999999
2.0 -4.0 0.0 4.018.5
2.0 -4.0 2.0 -4.013.099999999999998
2.0 -4.0 2.0 -2.05.8999999999999995
2.0 -4.0 2.0 0.04.300000000000001
2.0 -4.0 2.0 2.08.3
2.0 -4.0 2.0 4.017.9
2.0 -4.0 4.0 -4.014.899999999999999
2.0 -4.0 4.0 -2.07.7
2.0 -4.0 4.0 0.06.1
2.0 -4.0 4.0 2.010.100000000000001
2.0 -4.0 4.0 4.019.7
2.0 -2.0 -4.0 -4.020.5
2.0 -2.0 -4.0 -2.013.3
2.0 -2.0 -4.0 0.011.700000000000003
2.0 -2.0 -4.0 2.015.700000000000003
2.0 -2.0 -4.0 4.025.3
2.0 -2.0 -2.0 -4.015.100000000000001
2.0 -2.0 -2.0 -2.07.8999999999999995
2.0 -2.0 -2.0 0.06.3
2.0 -2.0 -2.0 2.010.299999999999999
2.0 -2.0 -2.0 4.019.900000000000002
2.0 -2.0 0.0 -4.012.100000000000001
2.0 -2.0 0.0 -2.04.8999999999999995
2.0 -2.0 0.0 0.03.3
2.0 -2.0 0.0 2.07.3
2.0 -2.0 0.0 4.016.9
2.0 -2.0 2.0 -4.011.5
2.0 -2.0 2.0 -2.04.3
2.0 -2.0 2.0 0.02.6999999999999997
2.0 -2.0 2.0 2.06.699999999999999
2.0 -2.0 2.0 4.016.299999999999997
2.0 -2.0 4.0 -4.013.3
2.0 -2.0 4.0 -2.06.1
2.0 -2.0 4.0 0.04.5
2.0 -2.0 4.0 2.08.5
2.0 -2.0 4.0 4.018.1
2.0 0.0 -4.0 -4.019.7
2.0 0.0 -4.0 -2.012.5
2.0 0.0 -4.0 0.010.899999999999999
2.0 0.0 -4.0 2.014.900000000000002
2.0 0.0 -4.0 4.024.5
2.0 0.0 -2.0 -4.014.3
2.0 0.0 -2.0 -2.07.1
2.0 0.0 -2.0 0.05.5
2.0 0.0 -2.0 2.09.5
2.0 0.0 -2.0 4.019.099999999999998
2.0 0.0 0.0 -4.011.3
2.0 0.0 0.0 -2.04.1
2.0 0.0 0.0 0.02.5
2.0 0.0 0.0 2.06.5
2.0 0.0 0.0 4.016.099999999999998
2.0 0.0 2.0 -4.010.7
2.0 0.0 2.0 -2.03.5
2.0 0.0 2.0 0.01.9
2.0 0.0 2.0 2.05.9
2.0 0.0 2.0 4.015.5
2.0 0.0 4.0 -4.012.5
2.0 0.0 4.0 -2.05.299999999999999
2.0 0.0 4.0 0.03.6999999999999993
2.0 0.0 4.0 2.07.7
2.0 0.0 4.0 4.017.3
2.0 2.0 -4.0 -4.019.7
2.0 2.0 -4.0 -2.012.5
2.0 2.0 -4.0 0.010.899999999999999
2.0 2.0 -4.0 2.014.900000000000002
2.0 2.0 -4.0 4.024.5
2.0 2.0 -2.0 -4.014.3
2.0 2.0 -2.0 -2.07.1
2.0 2.0 -2.0 0.05.5
2.0 2.0 -2.0 2.09.5
2.0 2.0 -2.0 4.019.099999999999998
2.0 2.0 0.0 -4.011.3
2.0 2.0 0.0 -2.04.1
2.0 2.0 0.0 0.02.5
2.0 2.0 0.0 2.06.5
2.0 2.0 0.0 4.016.099999999999998
2.0 2.0 2.0 -4.010.7
2.0 2.0 2.0 -2.03.5
2.0 2.0 2.0 0.01.9
2.0 2.0 2.0 2.05.9
2.0 2.0 2.0 4.015.499999999999996
2.0 2.0 4.0 -4.012.5
2.0 2.0 4.0 -2.05.299999999999999
2.0 2.0 4.0 0.03.6999999999999997
2.0 2.0 4.0 2.07.700000000000001
2.0 2.0 4.0 4.017.3
2.0 4.0 -4.0 -4.020.499999999999996
2.0 4.0 -4.0 -2.013.3
2.0 4.0 -4.0 0.011.7
2.0 4.0 -4.0 2.015.7
2.0 4.0 -4.0 4.025.299999999999997
2.0 4.0 -2.0 -4.015.100000000000001
2.0 4.0 -2.0 -2.07.9
2.0 4.0 -2.0 0.06.300000000000001
2.0 4.0 -2.0 2.010.3
2.0 4.0 -2.0 4.019.9
2.0 4.0 0.0 -4.012.100000000000001
2.0 4.0 0.0 -2.04.9
2.0 4.0 0.0 0.03.3
2.0 4.0 0.0 2.07.3
2.0 4.0 0.0 4.016.899999999999995
2.0 4.0 2.0 -4.011.5
2.0 4.0 2.0 -2.04.3
2.0 4.0 2.0 0.02.7
2.0 4.0 2.0 2.06.700000000000001
2.0 4.0 2.0 4.016.3
2.0 4.0 4.0 -4.013.3
2.0 4.0 4.0 -2.06.1
2.0 4.0 4.0 0.04.5
2.0 4.0 4.0 2.08.5
2.0 4.0 4.0 4.018.1
4.0 -4.0 -4.0 -4.024.700000000000003
4.0 -4.0 -4.0 -2.018.700000000000003
4.0 -4.0 -4.0 0.018.300000000000004
4.0 -4.0 -4.0 2.023.500000000000004
4.0 -4.0 -4.0 4.034.3
4.0 -4.0 -2.0 -4.017.3
4.0 -4.0 -2.0 -2.011.3
4.0 -4.0 -2.0 0.010.899999999999999
4.0 -4.0 -2.0 2.016.099999999999998
4.0 -4.0 -2.0 4.026.900000000000002
4.0 -4.0 0.0 -4.012.3
4.0 -4.0 0.0 -2.06.3
4.0 -4.0 0.0 0.05.9
4.0 -4.0 0.0 2.011.099999999999998
4.0 -4.0 0.0 4.021.900000000000002
4.0 -4.0 2.0 -4.09.7
4.0 -4.0 2.0 -2.03.7
4.0 -4.0 2.0 0.03.3
4.0 -4.0 2.0 2.08.5
4.0 -4.0 2.0 4.019.3
4.0 -4.0 4.0 -4.09.5
4.0 -4.0 4.0 -2.03.4999999999999987
4.0 -4.0 4.0 0.03.099999999999999
4.0 -4.0 4.0 2.08.3
4.0 -4.0 4.0 4.019.099999999999998
4.0 -2.0 -4.0 -4.023.500000000000004
4.0 -2.0 -4.0 -2.017.5
4.0 -2.0 -4.0 0.017.1
4.0 -2.0 -4.0 2.022.300000000000004
4.0 -2.0 -4.0 4.033.1
4.0 -2.0 -2.0 -4.016.1
4.0 -2.0 -2.0 -2.010.1
4.0 -2.0 -2.0 0.09.7
4.0 -2.0 -2.0 2.014.900000000000002
4.0 -2.0 -2.0 4.025.700000000000003
4.0 -2.0 0.0 -4.011.099999999999998
4.0 -2.0 0.0 -2.05.1
4.0 -2.0 0.0 0.04.7
4.0 -2.0 0.0 2.09.899999999999999
4.0 -2.0 0.0 4.020.700000000000003
4.0 -2.0 2.0 -4.08.5
4.0 -2.0 2.0 -2.02.5000000000000004
4.0 -2.0 2.0 0.02.1
4.0 -2.0 2.0 2.07.3
4.0 -2.0 2.0 4.018.1
4.0 -2.0 4.0 -4.08.3
4.0 -2.0 4.0 -2.02.3
4.0 -2.0 4.0 0.01.9000000000000004
4.0 -2.0 4.0 2.07.1
4.0 -2.0 4.0 4.017.900000000000002
4.0 0.0 -4.0 -4.023.1
4.0 0.0 -4.0 -2.017.099999999999998
4.0 0.0 -4.0 0.016.7
4.0 0.0 -4.0 2.021.900000000000002
4.0 0.0 -4.0 4.032.7
4.0 0.0 -2.0 -4.015.700000000000003
4.0 0.0 -2.0 -2.09.7
4.0 0.0 -2.0 0.09.3
4.0 0.0 -2.0 2.014.5
4.0 0.0 -2.0 4.025.3
4.0 0.0 0.0 -4.010.7
4.0 0.0 0.0 -2.04.7
4.0 0.0 0.0 0.04.3
4.0 0.0 0.0 2.09.499999999999998
4.0 0.0 0.0 4.020.3
4.0 0.0 2.0 -4.08.1
4.0 0.0 2.0 -2.02.1
4.0 0.0 2.0 0.01.7
4.0 0.0 2.0 2.06.8999999999999995
4.0 0.0 2.0 4.017.7
4.0 0.0 4.0 -4.07.8999999999999995
4.0 0.0 4.0 -2.01.9000000000000004
4.0 0.0 4.0 0.01.5
4.0 0.0 4.0 2.06.699999999999999
4.0 0.0 4.0 4.017.5
4.0 2.0 -4.0 -4.023.500000000000004
4.0 2.0 -4.0 -2.017.5
4.0 2.0 -4.0 0.017.099999999999998
4.0 2.0 -4.0 2.022.300000000000004
4.0 2.0 -4.0 4.033.1
4.0 2.0 -2.0 -4.016.1
4.0 2.0 -2.0 -2.010.1
4.0 2.0 -2.0 0.09.7
4.0 2.0 -2.0 2.014.900000000000002
4.0 2.0 -2.0 4.025.700000000000003
4.0 2.0 0.0 -4.011.099999999999998
4.0 2.0 0.0 -2.05.1
4.0 2.0 0.0 0.04.7
4.0 2.0 0.0 2.09.900000000000002
4.0 2.0 0.0 4.020.7
4.0 2.0 2.0 -4.08.5
4.0 2.0 2.0 -2.02.4999999999999996
4.0 2.0 2.0 0.02.1
4.0 2.0 2.0 2.07.3
4.0 2.0 2.0 4.018.1
4.0 2.0 4.0 -4.08.299999999999999
4.0 2.0 4.0 -2.02.2999999999999994
4.0 2.0 4.0 0.01.8999999999999995
4.0 2.0 4.0 2.07.1
4.0 2.0 4.0 4.017.9
4.0 4.0 -4.0 -4.024.7
4.0 4.0 -4.0 -2.018.700000000000003
4.0 4.0 -4.0 0.018.299999999999997
4.0 4.0 -4.0 2.023.500000000000004
4.0 4.0 -4.0 4.034.3
4.0 4.0 -2.0 -4.017.3
4.0 4.0 -2.0 -2.011.3
4.0 4.0 -2.0 0.010.900000000000002
4.0 4.0 -2.0 2.016.1
4.0 4.0 -2.0 4.026.900000000000002
4.0 4.0 0.0 -4.012.3
4.0 4.0 0.0 -2.06.3
4.0 4.0 0.0 0.05.9
4.0 4.0 0.0 2.011.100000000000001
4.0 4.0 0.0 4.021.9
4.0 4.0 2.0 -4.09.700000000000001
4.0 4.0 2.0 -2.03.7
4.0 4.0 2.0 0.03.3
4.0 4.0 2.0 2.08.5
4.0 4.0 2.0 4.019.3
4.0 4.0 4.0 -4.09.500000000000004
4.0 4.0 4.0 -2.03.5
4.0 4.0 4.0 0.03.1000000000000005
4.0 4.0 4.0 2.08.3
4.0 4.0 4.0 4.019.099999999999998
